0 0 0 0 255 255 255 255 255 255 255 255 0 0 0 0 1 0 0 0 0 208 29 70 0 0 0 0 0 0 0 0 0 0 0 0 0 0 128 63 1 0 0 0 0 0 0 0 0 0 0 0 0 0 0 0 0 0 0 0 0 0 0 0 0 0 0 0 0 0 0 0 0 0 0 0 0 0 0 0 0 0 0 0 0 0 0 0 0 0 0 0 0 0 0 0 0 0 0 0 0 0 0 0 0 0 0 0 0 0 0 0 0 0 0 0 0 0 0 0 0 0 0 0 0 
0 0 0 0 0 0 0 0 0 0 0 0 0 0 0 0 0 0 0 0 0 0 0 0 0 0 0 0 0 0 0 0 0 0 0 0 0 0 0 0 0 0 0 0 0 0 0 0 0 0 0 0 0 0 0 0 0 0 0 0 0 0 0 0 0 0 0 0 0 0 0 0 0 0 0 0 0 0 0 0 0 0 0 0 0 0 0 0 0 0 0 0 0 0 0 0 0 0 0 0 0 0 0 0 0 0 0 0 0 0 0 0 0 0 0 0 0 0 0 0 0 0 0 0 0 0 0 0 0 0 0 0 0 0 0 0 0 0 0 0 0 0 0 0 0 0 0 0 0 0 0 0 0 0 0 0 0 0 0 0 0 0 0 0 0 0 0 0 0 0 0 0 0 0 0 0 0 0 0 0 0 0 0 0 0 0 0 0 0 0 0 0 0 0 0 0 0 0 0 0 0 0 0 0 0 0 0 0 0 0 0 0 0 0 0 0 0 0 0 0 0 0 0 0 0 0 0 0 0 0 0 0 0 0 0 0 0 0 0 0 0 0 0 0 0 0 0 0 0 0 0 0 0 0 0 0 0 0 0 0 0 0 0 0 0 0 0 0 0 0 0 0 0 
0 0 0 0 0 0 0 0 0 0 0 0 0 0 0 0 0 0 0 0 0 0 0 0 0 0 0 0 0 0 0 0 0 0 0 0 0 0 0 0 0 0 0 0 0 0 0 0 0 0 0 0 0 0 0 0 0 0 0 0 0 0 0 0 0 0 0 0 0 0 0 0 0 0 0 0 0 0 0 0 0 0 0 0 0 0 0 0 0 0 0 0 0 0 0 0 0 0 0 0 0 0 0 0 0 0 0 0 0 0 0 0 0 0 0 0 0 0 0 0 0 0 0 0 0 0 0 0 0 0 0 0 0 0 0 0 0 0 0 0 0 0 0 0 0 0 0 0 0 0 0 0 0 0 0 0 0 0 0 0 0 0 0 0 0 0 0 0 0 0 0 0 0 0 0 0 0 0 0 0 0 0 0 0 0 0 0 0 0 0 0 0 0 0 32 0 0 0 168 56 142 61 51 51 179 62 0 0 128 63 0 0 128 63 168 56 142 61 51 51 179 62 0 0 128 63 0 0 128 63 168 56 142 61 51 51 179 62 0 0 128 63 0 0 128 63 168 56 142 61 51 51 179 62 0 0 128 63 0 0 128 63 168 56 142 61 51 51 179 62 0 0 128 63 0 0 128 63 168 56 142 61 51 51 179 62 0 0 128 63 0 0 128 63 168 56 142 61 51 51 179 62 0 0 128 63 0 0 128 63 168 56 142 61 51 51 179 62 0 0 128 63 0 0 128 63 168 56 142 61 51 51 179 62 0 0 128 63 0 0 128 63 168 56 142 61 51 51 179 62 0 0 128 63 0 0 128 63 168 56 142 61 51 51 179 62 0 0 128 63 0 0 128 63 168 56 142 61 51 51 179 62 0 0 128 63 0 0 128 63 168 56 142 61 51 51 179 62 0 0 128 63 0 0 128 63 168 56 142 61 51 51 179 62 0 0 128 63 0 0 128 63 168 56 142 61 51 51 179 62 0 0 128 63 0 0 128 63 168 56 142 61 51 51 179 62 0 0 128 63 0 0 128 63 168 56 142 61 51 51 179 62 0 0 128 63 0 0 128 63 168 56 142 61 51 51 179 62 0 0 128 63 0 0 128 63 168 56 142 61 51 51 179 62 0 0 128 63 0 0 128 63 168 56 142 61 51 51 179 62 0 0 128 63 0 0 128 63 168 56 142 61 51 51 179 62 0 0 128 63 0 0 128 63 168 56 142 61 51 51 179 62 0 0 128 63 0 0 128 63 168 56 142 61 51 51 179 62 0 0 128 63 0 0 128 63 168 56 142 61 51 51 179 62 0 0 128 63 0 0 128 63 168 56 142 61 51 51 179 62 0 0 128 63 0 0 128 63 168 56 142 61 51 51 179 62 0 0 128 63 0 0 128 63 168 56 142 61 51 51 179 62 0 0 128 63 0 0 128 63 168 56 142 61 51 51 179 62 0 0 128 63 0 0 128 63 168 56 142 61 51 51 179 62 0 0 128 63 0 0 128 63 168 56 142 61 51 51 179 62 0 0 128 63 0 0 128 63 168 56 142 61 51 51 179 62 0 0 128 63 0 0 128 63 168 56 142 61 51 51 179 62 0 0 128 63 0 0 128 63 255 255 255 255 255 255 255 255 10 0 0 0 0 0 0 0 0 0 0 0 0 0 11 0 0 0 0 0 0 0 0 0 0 0 0 0 0


                               128 63 0 32 0 0 0
168 56 142 61 51 51 179 62 0 0 128 63 0 0 128 63
  0  0   0  0 51 51 179 62 0 0 128 63 0 0 128 63 
228 56 142 61 51 51 179 62 0 0 128 63 0 0 128 63
168 56 142 61 51 51 179 62 0 0 128 63 0 0 128 63 
168 56 142 61 51 51 179 62 0 0 128 63 0 0 128 63 
168 56 142 61 51 51 179 62 0 0 128 63 0 0 128 63 
168 56 142 61 51 51 179 62 0 0 128 63 0 0 128 63 
168 56 142 61 51 51 179 62 0 0 128 63 0 0 128 63 
168 56 142 61 51 51 179 62 0 0 128 63 0 0 128 63 
168 56 142 61 51 51 179 62 0 0 128 63 0 0 128 63 
168 56 142 61 51 51 179 62 0 0 128 63 0 0 128 63 
168 56 142 61 51 51 179 62 0 0 128 63 0 0 128 63 
168 56 142 61 51 51 179 62 0 0 128 63 0 0 128 63 
168 56 142 61 51 51 179 62 0 0 128 63 0 0 128 63 
168 56 142 61 51 51 179 62 0 0 128 63 0 0 128 63 
168 56 142 61 51 51 179 62 0 0 128 63 0 0 128 63 
168 56 142 61 51 51 179 62 0 0 128 63 0 0 128 63 
168 56 142 61 51 51 179 62 0 0 128 63 0 0 128 63 
168 56 142 61 51 51 179 62 0 0 128 63 0 0 128 63 
168 56 142 61 51 51 179 62 0 0 128 63 0 0 128 63 
168 56 142 61 51 51 179 62 0 0 128 63 0 0 128 63 
168 56 142 61 51 51 179 62 0 0 128 63 0 0 128 63 
168 56 142 61 51 51 179 62 0 0 128 63 0 0 128 63 
168 56 142 61 51 51 179 62 0 0 128 63 0 0 128 63 
168 56 142 61 51 51 179 62 0 0 128 63 0 0 128 63 
168 56 142 61 51 51 179 62 0 0 128 63 0 0 128 63 
168 56 142 61 51 51 179 62 0 0 128 63 0 0 128 63 
168 56 142 61 51 51 179 62 0 0 128 63 0 0 128 63 
168 56 142 61 51 51 179 62 0 0 128 63 0 0 128 63 
168 56 142 61 51 51 179 62 0 0 128 63 0 0 128 63 
168 56 142 61 51 51 179 62 0 0 128 63 0 0 128 63 
168 56 142 61 51 51 179 62 0 0 128 63 0 0 128 63 